$ 1 0.000005 10.20027730826997 50 5 50 5e-11
g 112 384 112 448 0 0
w 112 384 288 384 0
v 112 384 112 224 0 0 40 10 0 0 0.5
370 112 224 112 160 3 0 0
w 112 160 112 96 0
370 112 96 176 96 3 0 0
w 176 96 224 96 0
r 224 96 272 96 0 4
w 272 96 400 96 0
370 400 96 400 176 3 0 0
w 400 176 304 176 0
w 304 176 304 208 0
r 304 208 304 256 0 4
w 400 176 400 208 0
r 400 208 400 256 0 4
w 400 256 400 288 0
w 304 256 304 288 0
w 304 288 352 288 0
w 400 288 352 288 0
w 352 288 352 384 0
w 288 384 352 384 0
w 352 384 448 384 0
w 448 384 448 352 0
r 448 352 448 304 0 1.5
w 448 304 448 256 0
r 448 256 448 192 0 0.5
w 448 192 448 144 0
370 448 96 448 144 3 0 0
w 400 96 448 96 0
