$ 1 0.000005 10.20027730826997 72 5 50 5e-11
v 112 368 112 176 0 0 40 9 0 0 0.5
w 112 176 208 176 0
w 208 368 112 368 0
r 208 176 256 176 0 1000
w 256 176 304 176 0
w 304 176 304 240 0
r 304 240 304 288 0 1000
w 304 288 304 368 0
w 304 368 256 368 0
r 256 368 208 368 0 1000
w 304 368 336 368 0
w 304 176 336 176 0
w 336 176 336 240 0
w 336 368 336 288 0
p 336 240 336 288 3 0 0 10000000
w 304 368 304 400 0
w 112 368 112 400 0
w 112 400 192 400 0
w 304 400 240 400 0
p 240 400 192 400 3 0 0 10000000
w 112 176 112 128 0
w 112 128 208 128 0
p 208 128 272 128 3 0 0 10000000
w 272 128 304 128 0
w 304 128 304 176 0
